2.000000000000000000e+00
1.138631088380354761e+01
2.096907061340258593e+01
6.130770660461783983e+00
-4.573258765092512057e+00
-7.721685825524358116e+00
-8.556189830507895167e+00
-8.769463510999226941e+00
-8.793068481211900433e+00
-8.763453219030285624e+00
-8.750539568573424631e+00
-8.778116923894462076e+00
-8.821867792815170972e+00
-8.838092973349954917e+00
-8.809318375176632188e+00
-8.763900192032162195e+00
-8.747859679481599926e+00
-8.778307681423786590e+00
-8.825660604435769940e+00
-8.841904903844794106e+00
-8.809256840344424688e+00
-8.759930221327515198e+00
-8.743919595743433248e+00
-8.778391672312816141e+00
-8.829809121024629448e+00
-8.845974492501428088e+00
-8.809030522994195422e+00
-8.755518399595370482e+00
-8.739696941084321935e+00
-8.778638588663039144e+00
-8.834414390827488361e+00
-8.850330125599493059e+00
-8.808613439765677455e+00
-8.750622722329950420e+00
-8.735178042134096543e+00
-8.779077316159993316e+00
-8.839520595073118159e+00
-8.854985428138540726e+00
-8.807972942506838265e+00
-8.745196824498378874e+00
-8.730348209140021964e+00
-8.779739661449873722e+00
-8.845175303755858920e+00
-8.859953444684649071e+00
-8.807071641589294231e+00
-8.739190504825279149e+00
-8.725193375610889035e+00
-8.780661642114260701e+00
-8.851429996433639147e+00
-8.865246643161215800e+00
-8.805867635768350965e+00
-8.732549370232044694e+00
-8.719699603449132752e+00
-8.781884048041465718e+00
-8.858340903004794598e+00
-8.870876967636419863e+00
-8.804313460026513383e+00
-8.725214444955948778e+00
-8.713853163658232148e+00
-8.783451704160452067e+00
-8.865968172457199259e+00
-8.876855321836234936e+00
-8.802356479547253088e+00
-8.717122310011999886e+00
-8.707640856970286336e+00
-8.785414964039770069e+00
-8.874377248095333570e+00
-8.883191891965291020e+00
-8.799937565428814779e+00
-8.708204377799335205e+00
-8.701049764675255815e+00
-8.787829401108286476e+00
-8.883638089866366272e+00
-8.889894228051497649e+00
-8.796990283159178858e+00
-8.698387061617543381e+00
-8.694068612974941601e+00
-8.790757112310135568e+00
-8.893826543660084738e+00
-8.896968473104141850e+00
-8.793440994478885386e+00
-8.687590589652725015e+00
-8.686685817532527665e+00
-8.794266507882499084e+00
-8.905024303321267709e+00
-8.904419543678834259e+00
-8.789207845457559287e+00
-8.675729558625175031e+00
-8.678891791376029730e+00
-8.798433061146903711e+00
-8.917318826716146063e+00
-8.912248510997349271e+00
-8.784199790116158368e+00
-8.662712204690260265e+00
-8.670677528946796997e+00
-8.803339733212977691e+00
-8.930804147474283639e+00
-8.920453757165814679e+00
-8.778316155530925258e+00
-8.648439967147512064e+00
-8.662035307978388943e+00
-8.809077516221217152e+00
-8.945581243510444480e+00
-8.929030180314644127e+00
-8.771445705926330660e+00
-8.632806989131216469e+00
-8.652958424682626770e+00
-8.815745941423838161e+00
-8.961758354154873984e+00
-8.937968399511463602e+00
-8.763465684458775939e+00
-8.615699828165782392e+00
-8.643441228787997588e+00
-8.823453220734521096e+00
-8.979451575708935707e+00
-8.947255360036784566e+00
-8.754241616682071125e+00
-8.596996515095078450e+00
-8.633478584225379393e+00
-8.832317253326460005e+00
-8.998785344092961935e+00
-8.956872585626538097e+00
-8.743625526816110494e+00
-8.576566218082222193e+00
-8.623065566736539012e+00
-8.842465138091320398e+00
-9.019892932201130975e+00
-8.966796851869162310e+00
-8.731456140105059660e+00
-8.554268357798184397e+00
-8.612196534910143697e+00
-8.854033419309670805e+00
-9.042917282495357867e+00
-8.976999823066760698e+00
-8.717557911479330457e+00
-8.529951713702340399e+00
-8.600863894588394842e+00
-8.867168175942776287e+00
-9.068011651786736849e+00
-8.987447324612574562e+00
-8.701740141144105323e+00
-8.503454679699142815e+00
-8.589058278130465851e+00
-8.882024457559257513e+00
-9.095339159575186017e+00
-8.998102329483984363e+00
-8.683798182554433254e+00
-8.474597957136348114e+00
-8.576759342021818000e+00
-8.898764634939773543e+00
-9.125081078344553731e+00
-9.008924859981579658e+00
-8.663509878347660731e+00
-8.443190110330851539e+00
-8.563941943240868326e+00
-8.917559098262211492e+00
-9.157428122798355830e+00
-9.019871049556535070e+00
-8.640640041286644646e+00
-8.409021953414729467e+00
-8.550565882781418381e+00
-8.938581251848546572e+00
-9.192588946626299773e+00
-9.030900088639551626e+00
-8.614939012862798506e+00
-8.371862664570800305e+00
-8.536570269738023242e+00
-8.962005855604370907e+00
-9.230791741474288159e+00
-9.041976777039764102e+00
-8.586145303158335906e+00
-8.331457055186074712e+00
-8.521865825025040309e+00
-8.988002392626539105e+00
-9.272288923007526051e+00
-9.053079124389608268e+00
-8.553984203430383459e+00
-8.287517748966132913e+00
-8.506324901466356891e+00
-9.016733613608284514e+00
-9.317361478866400759e+00
-9.064204894845847349e+00
-8.518176240658682730e+00
-8.239720657414626004e+00
-8.489763890252172374e+00
-9.048337943562803076e+00
-9.366325497281705381e+00
-9.075389392906222596e+00
-8.478440719285346816e+00
-8.187695460938281045e+00
-8.471925332559454347e+00
-9.082922371276751505e+00
-9.419541227492921109e+00
-9.086719233410750718e+00
-8.434501276521601199e+00
-8.131013855225239340e+00
-8.452453371267035109e+00
-9.120541817829487030e+00
-9.477424688623147020e+00
-9.098359400837304989e+00
-8.386096939983977094e+00
-8.069176417538121981e+00
-8.430859396355995017e+00
-9.161171778832729373e+00
-9.540461704113196717e+00
-9.110588063289066341e+00
-8.332998962163054912e+00
-8.001592857702187089e+00
-8.406476074574912971e+00
-9.204674285737670658e+00
-9.609226379591165212e+00
-9.123842801076021303e+00
-8.275029047356252221e+00
-7.927563882788953187e+00
-8.378402420219025259e+00
-9.250741483221961659e+00
-9.684401657751712023e+00
-9.138787113332615064e+00
-8.212093414684709103e+00
-7.846254528575363096e+00
-8.345426281440431637e+00
-9.298821921411530411e+00
-9.766803363122324555e+00
-9.156398735110380827e+00
-8.144226016569302118e+00
-7.756667625168173430e+00
-8.305928351492697814e+00
-9.348010028451197329e+00
-9.857402194814540053e+00
-9.178092605337187848e+00
-8.071658548795213051e+00
-7.657614801570688634e+00
-8.257755118577714271e+00
-9.396886804684053018e+00
-9.957340030945328380e+00
-9.205890025861036108e+00
-7.994920258057824469e+00
-7.547694489661560979e+00
-8.198061639067232065e+00
-9.443281143955594814e+00
-1.006791698137565660e+01
-9.242654488240576782e+00
-7.915001054656662483e+00
-7.425282821286391055e+00
-8.123111634010175663e+00
-9.483924174650695704e+00
-1.019052337313176082e+01
-9.292413258563028577e+00
-7.833597804836521128e+00
-7.288559804666133068e+00
-8.028043445689686308e+00
-9.513930565521780736e+00
-1.032645417179911362e+01
-9.360811490324410400e+00
-7.753508443745605661e+00
-7.135597930544856027e+00
-7.906599676313859959e+00
-9.526048770418384493e+00
-1.047647103892604115e+01
-9.455720325537642523e+00
-7.679266629233464592e+00
-6.964584370681010661e+00
-7.750865770962524159e+00
-9.509567702265050215e+00
-1.063987238268453162e+01
-9.588046572441486504e+00
-7.618190578606999885e+00
-6.774285807407447457e+00
-7.551096365836947655e+00
-9.448806066146305582e+00
-1.081261422983423692e+01
-9.772709392134183659e+00
-7.582123194288987733e+00
-6.564952687890902361e+00
-7.295793685100816717e+00
-9.321153824285726586e+00
-1.098362799637163079e+01
-1.002954013080132789e+01
-7.590403226488231070e+00
-6.340057433664233244e+00
-6.972391566352071024e+00
-9.094920312257796624e+00
-1.112786561933135232e+01
-1.038314834025454125e+01
-7.675004866476251131e+00
-6.109630196527667145e+00
-6.569161992131641092e+00
-8.727906207123648841e+00
-1.119394698892708462e+01
-1.085867874945093270e+01
-7.889505577973826789e+00
-5.896820760842982345e+00
-6.079441354040424628e+00
-8.169062119456510729e+00
-1.108478601455599843e+01
-1.146419894461907241e+01
-8.324261203260592268e+00
-5.751532065293750051e+00
-5.510189945665395328e+00
-7.367891083019066478e+00
-1.063576335857113264e+01
-1.213455920388402554e+01
-9.127889312109166653e+00
-5.781060804300435230e+00
-4.899180809117152258e+00
-6.298246297887913236e+00
-9.617213505816605945e+00
-1.258314088698980981e+01
-1.050884111348066163e+01
-6.225437833106188812e+00
-4.354122976747008877e+00
-5.001601266536972901e+00
-7.829134299097154859e+00
-1.204175002035999320e+01
-1.251911000202344404e+01
-7.647984912223746434e+00
-4.170943285276297985e+00
-3.652287981143131024e+00
-5.344337840652220173e+00
-9.355795209650517918e+00
-1.371305881673577964e+01
-1.119345093952913750e+01
-5.334988511325240879e+00
-2.722710684853127283e+00
-2.742114665758955905e+00
-4.644732373339475195e+00
-9.117250586138609947e+00
-1.464933709078121460e+01
-1.167585309744384148e+01
-4.448296145340099095e+00
-1.254772972779410356e+00
-5.580090051416767283e-01
-7.361776353056174171e-01
-1.589539024774768938e+00
-3.944665057053287516e+00
-9.908619950167310009e+00
-1.755918733899440909e+01
-1.030844444854944619e+01
-7.477382199281259467e-01
2.961892517682626291e+00
5.354803578297826938e+00
8.978901590494904994e+00
1.285545149476866555e+01
1.135383071035224667e+01
6.325040129356506391e+00
3.783817129773348942e+00
3.952443504560366083e+00
6.294719274241435514e+00
1.087752860318258286e+01
1.386733000066844212e+01
9.319932708333153570e+00
4.215935564691516646e+00
2.556794404308376567e+00
3.152423503163742868e+00
5.745675484153274226e+00
1.105190383060065074e+01
1.494376146395877747e+01
9.181067207106643480e+00
3.060019727411388946e+00
9.432145333657626640e-01
6.532867462727113272e-01
1.118207013455972954e+00
2.565405715985647372e+00
6.413881233715193808e+00
1.439018083855178887e+01
1.574656665452937965e+01
4.723395671779631932e+00
-1.307458738060825132e+00
-3.792279517143160472e+00
-6.574846315860751744e+00
-1.095038341294432094e+01
-1.336579037165132000e+01
-9.118011375637575355e+00
-4.571108353184683892e+00
-3.211181129235293863e+00
-4.171600403430526072e+00
-7.359670723177439200e+00
-1.257261463095771248e+01
-1.347420343783108798e+01
-7.220350024644368148e+00
-2.936871423637485101e+00
-1.941097859465759745e+00
-2.745606018817574157e+00
-5.435269089810414123e+00
-1.113158068313216909e+01
-1.559732213551026270e+01
-9.047682978537618936e+00
-2.327975111195430102e+00
7.491098063133745655e-02
9.892868944054731273e-01
2.171137680986281904e+00
4.990903884985775640e+00
1.133285538072001586e+01
1.671133750978190236e+01
8.594249011561634788e+00
9.545187462978446113e-01
-1.892443639409432832e+00
-3.828683139149841708e+00
-7.261549346886262413e+00
-1.272192856567770214e+01
-1.365555410701665906e+01
-7.054430204965447260e+00
-2.625811291290325311e+00
-1.527891706470634547e+00
-2.071333204948585305e+00
-4.164554627110458540e+00
-9.137917657859606635e+00
-1.573918456012521183e+01
-1.169074759917843132e+01
-3.191565521655304938e+00
3.911034765218325826e-01
1.860013141260046243e+00
3.768359334302769259e+00
7.910814941059401306e+00
1.435463527181053145e+01
1.330997034903960063e+01
5.053355940719624684e+00
8.224300579937788847e-01
-4.959905934016877183e-01
-1.319178961518421733e+00
-2.942679373570937340e+00
-6.970748232562476332e+00
-1.457862671190154913e+01
-1.483069013349271970e+01
-4.677393506434636805e+00
6.921063381821460636e-01
2.849571687562527433e+00
5.291208373539455501e+00
9.793898817621411013e+00
1.422255551732809131e+01
1.071102826070611513e+01
4.584589737544208177e+00
2.103509375202555987e+00
2.056661998443074069e+00
3.597552500338756509e+00
7.537417342016828670e+00
1.410704564889638135e+01
1.382033986956422034e+01
5.373186491648054286e+00
7.971362692098028502e-01
-6.831048210001318122e-01
-1.680040864278933066e+00
-3.678956291203302698e+00
-8.430564186316471975e+00
-1.568614503711546959e+01
-1.269086573443689048e+01
-3.380524086348938972e+00
7.642003130391934462e-01
2.550507418971230233e+00
4.919836223940185604e+00
9.615705229160464995e+00
1.471696477195247788e+01
1.100736796166670217e+01
4.163478899443638248e+00
1.338471187873353507e+00
8.560400317724299324e-01
1.359507722982902012e+00
3.003205975625107715e+00
7.250581317426272321e+00
1.512098726238070157e+01
1.446130454330070236e+01
4.016515647062819383e+00
-1.156203661101529390e+00
-3.362366459908519900e+00
-6.076903745176116978e+00
-1.074412190095375941e+01
-1.396766580430359106e+01
-9.481595321104260066e+00
-4.213624367095581746e+00
-2.442140142274113135e+00
-2.930948427665304834e+00
-5.341496356140342350e+00
-1.050427945613120073e+01
-1.511534686345362921e+01
-9.881068235420903179e+00
-3.262989703059891777e+00
-8.138063083829001343e-01
-3.068982563928623342e-01
-3.855249853251082048e-01
-8.529841486483861202e-01
-2.183003013885735033e+00
-5.903382630009818222e+00
-1.436338260020313129e+01
-1.669056872390566326e+01
-4.432579339503722515e+00
2.276571775076409399e+00
5.051340507220060339e+00
7.939560910856402032e+00
1.141710216807869749e+01
1.184380904829881764e+01
8.097562641953373941e+00
5.189672697931805523e+00
4.877175579821708240e+00
6.781812034891464336e+00
1.048411192648801205e+01
1.278978746649736209e+01
9.542490537630403225e+00
5.430979452263930973e+00
4.099923080166012923e+00
5.175357396572535684e+00
8.450307084326070139e+00
1.272667142538370477e+01
1.203894859696593045e+01
6.725387381957019350e+00
3.664488675665148243e+00
3.470991247219324727e+00
5.404983542098211302e+00
9.743846902068350246e+00
1.410424915886242303e+01
1.077509043220908858e+01
4.742084975756931442e+00
2.267367769265880018e+00
2.269623856486794544e+00
3.956228073313176274e+00
8.143822101254821533e+00
1.447210667348735669e+01
1.300401346599283947e+01
4.890420872689169585e+00
8.576143752766998141e-01
-3.610597108073786421e-01
-1.058188157151432662e+00
-2.391794512496005609e+00
-5.780121810873711574e+00
-1.309736824501804620e+01
-1.642125807487901668e+01
-6.298632435593749079e+00
3.871034451613626359e-01
2.945536798147065927e+00
5.356084113287033155e+00
9.565630977203412044e+00
1.377089802615146574e+01
1.091074933049998918e+01
5.153559141497978224e+00
2.702915075641697307e+00
2.821073062936251041e+00
4.839919578770220276e+00
9.466959488279762525e+00
1.477199974535218452e+01
1.122085124934888611e+01
4.176701870402241390e+00
1.212588178905323444e+00
6.156509785832880999e-01
8.857245986489683531e-01
1.943157885339618307e+00
4.817594461110732418e+00
1.166372388384469616e+01
1.743970217034513936e+01
7.930692983820433639e+00
-1.466789297254685598e-01
-3.206474133804034565e+00
-5.665982103347141141e+00
-9.613311463697796100e+00
-1.327174422289324163e+01
-1.071161664575821781e+01
-5.596058586057483630e+00
-3.414542839450959821e+00
-3.818602276700457487e+00
-6.370158835099243966e+00
-1.124242850479479117e+01
-1.406949415002197767e+01
-8.898226955688832263e+00
-3.739908370886091404e+00
-2.138364042725686698e+00
-2.635960630154955187e+00
-4.943269934514609609e+00
-1.007718204096516068e+01
-1.538329115347150378e+01
-1.043429652223519888e+01
-3.222117491740215112e+00
-4.165032381634219405e-01
4.229423495721110760e-01
1.071028768309486123e+00
2.490105943460460658e+00
6.174141954028947943e+00
1.394545339338478485e+01
1.604753834899046794e+01
5.248925270093927509e+00
-1.021511114687940092e+00
-3.531913122788469472e+00
-6.201842254481418237e+00
-1.056294289509055950e+01
-1.355923866008002321e+01
-9.626330677586285134e+00
-4.710578708899393341e+00
-3.045138158198704925e+00
-3.755176668623863012e+00
-6.612860132108152378e+00
-1.184956273597675569e+01
-1.415907017731321460e+01
-8.161269381962171110e+00
-3.119889199766727295e+00
-1.656613391835421334e+00
-2.044320204984162892e+00
-3.962685058950373485e+00
-8.601586136416793593e+00
-1.530238992527633357e+01
-1.244166492941532276e+01
-3.829103662768756688e+00
4.293825624420547632e-02
1.485836656974856451e+00
3.084701457017850146e+00
6.589622254609105667e+00
1.310548990190605601e+01
1.494372443132472661e+01
6.577386199192550187e+00
1.096739822689940969e+00
-7.383544937443248246e-01
-1.855996629486038385e+00
-3.965524768598108096e+00
-8.820002849755649521e+00
-1.564876575809568315e+01
-1.213391958794219505e+01
-3.372292770318195743e+00
4.280913181338650286e-01
1.984517893503987329e+00
3.976345566661483755e+00
8.220561371695584540e+00
1.445969650689047903e+01
1.287989336580395339e+01
4.891600622621856687e+00
9.481906937565061089e-01
-2.032690809219491745e-01
-7.639721718395194872e-01
-1.754160730156605119e+00
-4.308866931045501225e+00
-1.056265404377640138e+01
-1.747892724408153242e+01
-9.428081371166449287e+00
-5.491664654173814553e-01
2.844061680980561668e+00
5.189690284944671994e+00
8.922267510379821687e+00
1.307398265066049348e+01
1.151441227005703993e+01
6.149365797135427414e+00
3.452279267509761329e+00
3.502861301596772670e+00
5.659690523578980503e+00
1.025035061688813265e+01
1.426446639651718051e+01
1.015434947907656493e+01
4.286089112073564245e+00
2.084324485373450386e+00
2.197114161079071870e+00
3.942464118674777751e+00
8.236994367167071118e+00
1.467844607821214886e+01
1.290389195978470838e+01
4.631522561990915499e+00
6.245317471710730706e-01
-6.520670868860589664e-01
-1.581401749614024466e+00
-3.518269061090137040e+00
-8.209643470932478593e+00
-1.569844817867245901e+01
-1.301428849170135571e+01
-3.375378274992937300e+00
9.723146833146429913e-01
2.887632957513537768e+00
5.448549533760098207e+00
1.027008758963132529e+01
1.455137112309595437e+01
1.014587463439610993e+01
3.979619640767975142e+00
1.662683146523225464e+00
1.566506182501006927e+00
2.793523781603729272e+00
6.102802495704456653e+00
1.278011007767184104e+01
1.563416047763908878e+01
6.905404196922849458e+00
7.900615445583567542e-01
-1.379058651493899834e+00
-2.955340868536854515e+00
-6.003168520585664858e+00
-1.184621211263000973e+01
-1.514226140334924509e+01
-8.162201387413427156e+00
-2.201965848609925835e+00
-2.192527813039479856e-01
3.787897472183789915e-01
9.361399591925718688e-01
2.240214941867349374e+00
5.717857267800635412e+00
1.349929320829971147e+01
1.674638447875355141e+01
5.638959899816257781e+00
-1.216603123716646362e+00
-3.933615622776911902e+00
-6.670446696613774762e+00
-1.079717694361215230e+01
-1.306498020560765028e+01
-9.223829134526031481e+00
-4.937508650870666038e+00
-3.657399679223311662e+00
-4.744506211047995414e+00
-8.081716007930994650e+00
-1.284668743080359476e+01
-1.258583088706817321e+01
-6.739086088410840780e+00
-3.222496941995339981e+00
-2.718769437043351722e+00
-4.186017639272817448e+00
-8.023576914265339255e+00
-1.376069583281005571e+01
-1.300484367802969388e+01
-5.744459432756452877e+00
-1.824976352450336403e+00
-9.046169686038024738e-01
-1.198411988158797348e+00
-2.506061801426622715e+00
-5.965424410556621204e+00
-1.328644752192093570e+01
-1.616371243822289472e+01
-6.114956075135376423e+00
3.282647552279198133e-01
2.790367028882335898e+00
5.141605993216438186e+00
9.355352772542849138e+00
1.386942602699108029e+01
1.120423335883316440e+01
5.163607405805464623e+00
2.499001144626844972e+00
2.441033384078341140e+00
4.155336532810253836e+00
8.376675762221783117e+00
1.445472569383186112e+01
1.266814080858252822e+01
4.873674682801240721e+00
1.079638072170664431e+00
3.651290913234037094e-02
-3.116782061160091599e-01
-7.612054661476191919e-01
-1.905528345406743540e+00
-5.072440656626926447e+00
-1.273028002194519637e+01
-1.769707937601714320e+01
-6.344838192098552376e+00
1.443140520180570263e+00
4.457899926958568848e+00
7.193205009320518428e+00
1.086390315268885942e+01
1.236974073966211840e+01
8.922154525808203118e+00
5.389596951973481431e+00
4.521969528645332304e+00
5.967750387623867780e+00
9.474720034805514501e+00
1.289152309010201947e+01
1.079869682940497633e+01
6.048521109725172984e+00
3.906285762388993721e+00
4.363797113883766343e+00
7.020825424532771031e+00
1.163057158613173314e+01
1.338490209241898654e+01
8.330173759048191684e+00
3.971240680865440797e+00
2.868184658554365551e+00
3.935303666549165413e+00
7.228872215477688989e+00
1.275668594788156085e+01
1.376431017510349264e+01
7.027839239035844621e+00
2.508910646101458308e+00
1.350227085277617700e+00
1.766660389883480065e+00
3.559062226100878412e+00
8.012605397759177350e+00
1.520068722560127661e+01
1.329105163063027817e+01
4.004693651478391736e+00
-3.871335684019271972e-01
-2.131788211753708584e+00
-4.196317751646291505e+00
-8.447212717390394587e+00
-1.436114109278182482e+01
-1.253751023924408159e+01
-4.963051066499851061e+00
-1.279744369482685107e+00
-3.476826770925608989e-01
-2.669562012597453404e-01
-5.188113822403184194e-01
-1.282311459678496579e+00
-3.449101683165846755e+00
-9.317897206413016775e+00
-1.811379316946214502e+01
-1.095865079463074032e+01
-2.076599102782155648e-01
3.951177520429796530e+00
6.502246842033074792e+00
9.775419069517944592e+00
1.213644010335655565e+01
1.007010339086334838e+01
6.420201492699720625e+00
4.949193591316770835e+00
5.843930335772075324e+00
8.756326314965710012e+00
1.217435301323910046e+01
1.138769493745734529e+01
7.092543959815330368e+00
4.606399590393801979e+00
4.753982413653877970e+00
7.099776446466436575e+00
1.119578436798290610e+01
1.294873358684067099e+01
8.748097576723234070e+00
4.707785916759696043e+00
3.677719835625373079e+00
4.960953396588654307e+00
8.513642229354926982e+00
1.316348718854097477e+01
1.212963258584698245e+01
6.258937544971638900e+00
3.083799102764947175e+00
2.791932408841922175e+00
4.452321196182810858e+00
8.563869602058085562e+00
1.415983150236933952e+01
1.234918768283240453e+01
5.167645312936866020e+00
1.660683051668102372e+00
9.218135534048528257e-01
1.325075683693249129e+00
2.830379691667238351e+00
6.744406624985070486e+00
1.438357977639117458e+01
1.516832174897804109e+01
4.874325128273018670e+00
-7.313686398199912286e-01
-2.975209289056973017e+00
-5.463250767786099082e+00
-9.946647958724023297e+00
-1.410330938985929805e+01
-1.049639565111122508e+01
-4.616559170511976617e+00
-2.297260224664384953e+00
-2.401570280092033993e+00
-4.236416082543926542e+00
-8.658825524969827825e+00
-1.476816012719450733e+01
-1.231819167668468928e+01
-4.449101054789894150e+00
-8.121232179345276858e-01
2.406252052876004521e-01
7.983440199892420930e-01
1.838833372309591541e+00
4.539553523449579409e+00
1.106398954324460782e+01
1.749393971861960750e+01
8.734992490074045435e+00
2.297086992607142442e-01
-2.996484377734431881e+00
-5.385599958330749892e+00
-9.220914998567934617e+00
-1.319136292290937362e+01
-1.117660505710641239e+01
-5.888700101428336886e+00
-3.412950706712450710e+00
-3.612756454256009331e+00
-5.930328237353324816e+00
-1.065876032724692024e+01
-1.424252160254391697e+01
-9.639042601830340118e+00
-4.032536139274604636e+00
-2.076055032921223731e+00
-2.333367892387955056e+00
-4.273549956857824128e+00
-8.886426557924645309e+00
-1.506858471765804453e+01
-1.202969429629306575e+01
-4.044270133760162977e+00
-5.000162569750665753e-01
6.186696921287264672e-01
1.489278510065245476e+00
3.359541069816505132e+00
7.965706373218600866e+00
1.565152384100753302e+01
1.337809103029100477e+01
3.429178530288675919e+00
-1.134695096461034725e+00
-3.161458217309280450e+00
-5.851391433039943024e+00
-1.068515606008924124e+01
-1.429729015841969009e+01
-9.597817123389662086e+00
-3.951019392379481854e+00
-1.986103132319767983e+00
-2.207388709867911469e+00
-4.053586466358799711e+00
-8.525090549381738825e+00
-1.494728879112647668e+01
-1.252549040906866828e+01
-4.266474904836011994e+00
-4.449546626945070082e-01
8.099197325468607822e-01
1.857087190706117941e+00
4.120324052283183214e+00
9.420496874624737060e+00
1.629050636966264065e+01
1.125383673977969679e+01
2.453815786823712042e+00
-1.122194208709048624e+00
-2.876331916509324405e+00
-5.537015074376870238e+00
-1.063098420135226618e+01
-1.481664445244177664e+01
-9.704894091368441167e+00
-3.481234107565763569e+00
-1.238435159857355528e+00
-1.016036160624417484e+00
-1.791480670548922349e+00
-4.043566507315832226e+00
-9.526350114253084200e+00
-1.668236115150301657e+01
-1.105011973121818691e+01
-1.950086170538871233e+00
1.693673863924950229e+00
3.680198431737599307e+00
6.806742090666185518e+00
1.196259859151067317e+01
1.387081823061446428e+01
7.989900393964736836e+00
3.248554696552425458e+00
1.965275572667365855e+00
2.595928769998088637e+00
5.027556048675028144e+00
1.038546038571686836e+01
1.559308750352096062e+01
1.002026557068096047e+01
2.823824333442014556e+00
9.903885261512522520e-02
-8.508652838464217938e-01
-1.898576382418346808e+00
-4.343631788283740747e+00
-1.009138554801715415e+01
-1.674482393626256638e+01
-1.026077494842521176e+01
-1.660362505483428341e+00
1.684211527116332263e+00
3.609375389474768880e+00
6.770631471007265922e+00
1.206373405469221538e+01
1.400206713491018107e+01
7.879817758543693706e+00
3.039780204048178280e+00
1.703006190152739796e+00
2.186761650155742753e+00
4.275257524399553866e+00
9.196460671376605944e+00
1.557104333109134942e+01
1.161444989608074785e+01
3.372633358313382068e+00
-1.050536915112716824e-01
-1.424924898287296404e+00
-2.981099028686048147e+00
-6.464045828633271817e+00
-1.308463958718864184e+01
-1.514936685869833077e+01
-6.581193765376702309e+00
-9.272251123067229983e-01
1.014336406629762877e+00
2.329630652607993291e+00
4.883941666782163793e+00
1.037043359370649043e+01
1.584039930639625560e+01
1.001737843266663397e+01
2.557864344409328528e+00
-2.807944114042785211e-01
-1.449553299053296218e+00
-3.050926513086062553e+00
-6.736016196095834907e+00
-1.360366514636641888e+01
-1.492388360937744451e+01
-5.939841199530501825e+00
-5.185519458739700216e-01
1.392517846222840472e+00
2.943947285157859639e+00
6.076853044160198003e+00
1.210022468411886720e+01
1.520883644342287511e+01
7.834517922239504273e+00
1.901276683992666250e+00
-7.603137556568158317e-02
-8.373803293729663588e-01
-1.873399838435986009e+00
-4.406981770622389938e+00
-1.042818893993147533e+01
-1.704747714197885600e+01
-9.733274995278231145e+00
-1.137829746998253011e+00
2.159152355053601813e+00
4.262343319540159214e+00
7.758497752722906426e+00
1.279196469490433152e+01
1.296010105172110727e+01
6.873075961855600546e+00
3.042530156562112342e+00
2.331271462531792960e+00
3.497297168746773988e+00
6.853375876857634275e+00
