1.000000000000000000e+00
1.089883250395996317e+00
1.178868004101816469e+00
1.265965740209847645e+00
1.350207781460973644e+00
1.430654963104917021e+00
1.506407006979284091e+00
1.576611507143639290e+00
1.640472437286158547e+00
1.697258094898711711e+00
1.746308402843856022e+00
1.787041495357963639e+00
1.818959522684383767e+00
1.841653616337754151e+00
1.854807965387266222e+00
1.858202963029112365e+00
1.851717392007716345e+00
1.835329627048852164e+00
1.809117842289467148e+00
1.773259221630776761e+00
1.728028179903663641e+00
1.673793612619060678e+00
1.611015201782068473e+00
1.540238814680054080e+00
1.462091041617703979e+00
1.377272927175361428e+00
1.286552957625030302e+00
1.190759374570682816e+00
1.090771891611630018e+00
9.875128967925471679e-01
8.819382287415851174e-01
7.750276186575797421e-01
6.677748936461107565e-01
5.611780392886774882e-01
4.562292207357779850e-01
3.539048620290936031e-01
2.551558827761785664e-01
1.608981897288612739e-01
7.200351826963657942e-02
-1.070928468580945037e-02
-8.648244927228887491e-02
-1.546268609280915252e-01
-2.145289525985314416e-01
-2.656568420261383734e-01
-3.075656528063747119e-01
-3.399019660433236778e-01
-3.624073581265385702e-01
-3.749209892814000522e-01
-3.773812170296997337e-01
-3.698262184399164765e-01
-3.523936149505050297e-01
-3.253191035154662236e-01
-2.889341077499587573e-01
-2.436624725455457385e-01
-1.900162351819975060e-01
-1.285905151899052745e-01
-6.005757402350597740e-02
1.483989610189950792e-02
9.529618715164545062e-02
1.804506199042709702e-01
2.693961378951005292e-01
3.611883648024046822e-01
4.548550347771780911e-01
5.494057014912477888e-01
6.438416288935422394e-01
7.371657648488315617e-01
8.283926980050778655e-01
9.165584984031407423e-01
1.000730343504198538e+00
1.080015833454255558e+00
1.153571902510198477e+00
1.220613237586841482e+00
1.280420119809124735e+00
1.332345610718767226e+00
1.375822011332661354e+00
1.410366529515753697e+00
1.435586099041395780e+00
1.451181302188228495e+00
1.456949356679828389e+00
1.452786137122127785e+00
1.438687210740603462e+00
1.414747877068027293e+00
1.381162211185771760e+00
1.338221120077828896e+00
1.286309431517360213e+00
1.225902044572216854e+00
1.157559180191862103e+00
1.081920779329820892e+00
9.997001045733430180e-01
9.116766092102300822e-01
8.186881449823557588e-01
7.216225863829881515e-01
6.214089551847600257e-01
5.190081338786627363e-01
4.154032608118788383e-01
3.115899029926918473e-01
2.085661047521305544e-01
1.073224116924545446e-01
8.831969599471134469e-03
-8.595920275327567639e-02
-1.761416697179274404e-01
-2.608516693213602244e-01
-3.392797474204654606e-01
-4.106788491944350916e-01
-4.743717871268735564e-01
-5.297580108605146609e-01
-5.763196112827499995e-01
-6.136264988514817942e-01
-6.413407044215524433e-01
-6.592197595996440729e-01
-6.671191228526238692e-01
-6.649936271287999467e-01
-6.528979345282774904e-01
-6.309859934798360825e-01
-5.995095038483718719e-01
-5.588154053093753459e-01
-5.093424140861025906e-01
-4.516166426535471179e-01
-3.862463461759911842e-01
-3.139158481703292480e-01
-2.353787060882329141e-01
-1.514501851047125314e-01
-6.299911531281288113e-02
2.906078631505842891e-02
1.237800424907411490e-01
2.201828995089893937e-01
3.172770737209087422e-01
4.140636631983236615e-01
5.095471255547330269e-01
6.027452222274454208e-01
6.926988298606535643e-01
7.784815207570620066e-01
8.592088166730746934e-01
9.340470234964263208e-01
1.002221558532774726e+00
1.063024687197512419e+00
1.115822591810052611e+00
1.160061701861262895e+00
1.195274222503861283e+00
1.221082806026644096e+00
1.237204319636476813e+00
1.243452671901354778e+00
1.239740669613397905e+00
1.226080886518367885e+00
1.202585535231399216e+00
1.169465343618480535e+00
1.127027446870262128e+00
1.075672316329657097e+00
1.015889755759128876e+00
9.482540050514146612e-01
8.734180003055466157e-01
7.921068476193653396e-01
7.051105758060127737e-01
6.132762404466191031e-01
5.174994581726801712e-01
4.187154557645396125e-01
3.178897235002069999e-01
2.160083661429559876e-01
1.140682479772018032e-01
1.306703036002404561e-02
-8.600679867040991744e-02
-1.821838031088646725e-01
-2.745232873148515385e-01
-3.621226971598699995e-01
-4.441266400570583750e-01
-5.197354337483689468e-01
-5.882130984327779144e-01
-6.488947123809999384e-01
-7.011930575420945999e-01
-7.446044887413805213e-01
-7.787139678268222287e-01
-8.031992124645213060e-01
-8.178339181301028660e-01
-8.224900211031334063e-01
-8.171389798536359272e-01
-8.018520620177124192e-01
-7.767996340950734657e-01
-7.422494609657750431e-01
-6.985640322169858196e-01
-6.461969419944457727e-01
-5.856883585500894940e-01
-5.176596287527959195e-01
-4.428070714724033907e-01
-3.618950218515588069e-01
-2.757481959649729086e-01
-1.852434521559849223e-01
-9.130103136862363633e-02
5.124636000932603075e-03
1.030544648785164386e-01
2.014944966431855555e-01
2.994458288855873507e-01
3.959145945784222631e-01
4.899218909502487951e-01
5.805135588565168980e-01
6.667697149354022690e-01
7.478139413061145602e-01
8.228220409891805476e-01
8.910302715672014928e-01
9.517429748179981885e-01
1.004339526087192791e+00
1.048280533964240480e+00
1.083113228316699539e+00
1.108475982847098029e+00
1.124101926984400146e+00
1.129821611021095240e+00
1.125564697866603403e+00
1.111360664513436847e+00
1.087338506207154332e+00
1.053725446275822764e+00
1.010844664509804147e+00
9.591120667890379314e-01
8.990321282344744258e-01
8.311928514174365956e-01
7.562598900026484827e-01
6.749698965394376193e-01
5.881231608676931177e-01
4.965756126930026548e-01
4.012302682385615049e-01
3.030282064358875704e-01
2.029391648171731677e-01
1.019518490719300008e-01
1.064053091431593767e-03
-9.872731178180428613e-02
-1.964361786752520933e-01
-2.910971787421833268e-01
-3.817752878986451770e-01
-4.675751703547988414e-01
-5.476501255831494053e-01
-6.212105493287075619e-01
-6.875318241215353510e-01
-7.459615604523669452e-01
-7.959261162600361761e-01
-8.369363295901787181e-01
-8.685924071465376262e-01
-8.905879198901563987e-01
-9.027128657638466835e-01
-9.048557689403253779e-01
-8.970047946190975452e-01
-8.792478682335200801e-01
-8.517717978770494858e-01
-8.148604087172114374e-01
-7.688917080376818092e-01
-7.143341092345663057e-01
-6.517417524955209096e-01
-5.817489689160403321e-01
-5.050639433657538868e-01
-4.224616394233008942e-01
-3.347760570716634687e-01
-2.428919005125262931e-01
-1.477357393522195639e-01
-5.026675147387422993e-02
4.853285991004635536e-02
1.476676792750108713e-01
2.461390238230572458e-01
3.429549211751477533e-01
4.371400200233214184e-01
5.277453347186890076e-01
6.138577264303863856e-01
6.946090261428847779e-01
7.691847083375714655e-01
8.368320286939365804e-01
8.968675445011387026e-01
9.486839426383265605e-01
9.917561069007858610e-01
1.025646364049084047e+00
1.050008856164346582e+00
1.064592995622493543e+00
1.069245968166366634e+00
1.063914259065837031e+00
1.048644187116913429e+00
1.023581441144252757e+00
9.889696236381025907e-01
9.451478160771255022e-01
8.925471902635061516e-01
8.316866995286962272e-01
7.631678928618053082e-01
6.876689037760320700e-01
6.059376739743980167e-01
5.187844795215511562e-01
4.270738341976181296e-01
3.317158509330869753e-01
2.336571476382656165e-01
1.338713882932971166e-01
3.334955380888834919e-02
-6.690996013193184488e-02
-1.659113193119579610e-01
-2.626712016187307541e-01
-3.562286226606964923e-01
-4.456545381864404631e-01
-5.300611273628174080e-01
-6.086106641565602882e-01
-6.805238881795878658e-01
-7.450877913592599544e-01
-8.016627426318732041e-01
-8.496888794718365778e-01
-8.886917023945211103e-01
-9.182868165344595379e-01
-9.381837729226165656e-01
-9.481889710820509132e-01
-9.482075939402226927e-01
-9.382445557249978751e-01
-9.184044533733430882e-01
-8.888905219382670087e-01
-8.500026044312869455e-01
-8.021341563851278611e-01
-7.457683150661442717e-01
-6.814730726116049464e-01
-6.098956013203564730e-01
-5.317557877966875290e-01
-4.478390405521536222e-01
-3.589884429295072121e-01
-2.660963297540976935e-01
-1.700953718761913924e-01
-7.194925768448601211e-02
2.735693530186762701e-02
1.268265825587869822e-01
2.254614700610994005e-01
3.222717676724685121e-01
4.162859187706351993e-01
5.065603472940263252e-01
5.921888852200567488e-01
6.723118262789160582e-01
7.461245154409882341e-01
8.128853883546238723e-01
8.719233804067668681e-01
9.226446313775527042e-01
9.645384186980805463e-01
9.971822600282547189e-01
1.020246134171316932e+00
1.033495778151079403e+00
1.036795027508507161e+00
1.030107176434135186e+00
1.013495344146305044e+00
9.871218438544357987e-01
9.512465606124176354e-01
9.062243542700213483e-01
8.525015134711803055e-01
7.906112961295356234e-01
7.211686009393385444e-01
6.448638231621683925e-01
5.624559560803499281e-01
4.747650070451107096e-01
3.826638038956819976e-01
2.870692736169352388e-01
1.889332803762707735e-01
8.923311448299250936e-02
-1.103827269858382448e-02
-1.108821903129408454e-01
-2.093041869210303385e-01
-3.053239870459243943e-01
-3.979852860738325449e-01
-4.863653056430007338e-01
-5.695840140463732659e-01
-6.468129195207287241e-01
-7.172833485627192474e-01
-7.802941265576670560e-01
-8.352185839787715782e-01
-8.815108181532281817e-01
-9.187111480297156518e-01
-9.464507074450770885e-01
-9.644551309958232510e-01
-9.725472956864524843e-01
-9.706490909610097084e-01
-9.587821994323084684e-01
-9.370678805080728813e-01
-9.057257590759502097e-01
-8.650716313505014687e-01
-8.155143098054206119e-01
-7.575515387154228009e-01
-6.917650211183813402e-01
-6.188146068866601235e-01
-5.394316999786098465e-01
-4.544119507427238913e-01
-3.646073062906276530e-01
-2.709174983689526250e-01
-1.742810537804531656e-01
-7.566591717539254691e-02
2.394022009294315134e-02
1.235397884176005767e-01
2.221353070899092508e-01
3.187393505655509163e-01
4.123844142649834565e-01
5.021325813325205889e-01
5.870848937668773360e-01
6.663903342899626381e-01
7.392543292100213215e-01
8.049466873213343421e-01
8.628088955175196029e-01
9.122606982231564743e-01
9.528058949041292580e-01
9.840372977298921242e-01
1.005640799852317135e+00
1.017398513652175485e+00
1.019190947596956942e+00
1.010998199959525445e+00
9.929001574703649746e-01
9.650756969185197987e-01
9.278008976785652173e-01
8.814462830234079949e-01
8.264731177868002154e-01
7.634287993680830553e-01
6.929413881306678569e-01
6.157133318447576276e-01
5.325144468774914985e-01
4.441742262601900970e-01
3.515735514879140822e-01
2.556358908642383243e-01
1.573180723345564136e-01
5.760072300256301875e-02
-4.252152914481280299e-02
-1.420499934029477440e-01
-2.399918951067253892e-01
-3.353702952748664479e-01
-4.272338520277387808e-01
-5.146663262456979693e-01
-5.967957364906152362e-01
-6.728030717176876063e-01
-7.419304747229211738e-01
-8.034888145601222220e-01
-8.568645722662301401e-01
-9.015259710951560868e-01
-9.370282900088777733e-01
-9.630183073351191725e-01
-9.792378301921303985e-01
-9.855262744156914057e-01
-9.818222692105947891e-01
-9.681642704934705357e-01
-9.446901767986543019e-01
-9.116359515848484474e-01
-8.693332657080505843e-01
-8.182061836163974089e-01
-7.587669263773619832e-01
-6.916107538718043735e-01
-6.174100172902428074e-01
-5.369074413569040471e-01
-4.509087034033474883e-01
-3.602743834390863542e-01
-2.659113656515449398e-01
-1.687637772486134391e-01
-6.980355517999292658e-02
2.997926500848201170e-02
1.295864411570106789e-01
2.280214984729478367e-01
3.242996858542871452e-01
4.174578150750939409e-01
5.065638845230235887e-01
5.907263913317393200e-01
6.691032388643751716e-01
7.409101505475257365e-01
8.054285059874123354e-01
8.620125210723607045e-01
9.100957003203888895e-01
9.491964970021088410e-01
9.789231244849342373e-01
9.989774707251609653e-01
1.009158076795623193e+00
1.009362149688447952e+00
9.995865892816307996e-01
9.799280192083229535e-01
9.505818213203732769e-01
9.118401833934427492e-01
8.640891795803491426e-01
8.078049127838181631e-01
7.435487574927120979e-01
6.719617506137752772e-01
5.937581863438290419e-01
5.097184790802973264e-01
4.206813656815731606e-01
3.275355249895462451e-01
2.312106983493200929e-01
1.326683998469198045e-01
3.289230908517541685e-02
-6.712155750991402603e-02
-1.663747986474274076e-01
-2.638766039576073141e-01
-3.586536539310706817e-01
-4.497598450942678072e-01
-5.362857432503578270e-01
-6.173676703319876946e-01
-6.921963340730512559e-01
-7.600249142746468012e-01
-8.201765248699655064e-01
-8.720509772295623740e-01
-9.151307771304041383e-01
-9.489862954688963459e-01
-9.732800610538713260e-01
-9.877701325873787797e-01
-9.923125161415489170e-01
-9.868626039769371472e-01
-9.714756203261351031e-01
-9.463060696885474687e-01
-9.116061931487839942e-01
-8.677234481426581159e-01
-8.150970368521107678e-01
-7.542535179162216386e-01
-6.858015453046435450e-01
-6.104257869208763454e-01
-5.288800836987687104e-01
-4.419799175442019612e-01
-3.505942633798741492e-01
-2.556369067048432919e-01
-1.580573134208769215e-01
-5.883114315139214429e-02
4.104949915935889038e-02
1.405859759639535855e-01
2.387830951017409220e-01
3.346590533643125087e-01
4.272552462835722542e-01
5.156458461263779824e-01
5.989470523954872894e-01
6.763259224088903343e-01
7.470086937253191950e-01
8.102885152609200503e-01
8.655325098504315084e-01
9.121880976860023971e-01
9.497885174519614671e-01
9.779574899901931628e-01
9.964129778982679930e-01
1.004970003495714526e+00
1.003542497002200884e+00
9.921441564612460962e-01
9.708883108173824716e-01
9.399867875148556484e-01
8.997477959324259311e-01
8.505728478022934747e-01
7.929527453832992956e-01
7.274626774732182444e-01
6.547564722592260633e-01
5.755600644300714608e-01
4.906642418244636095e-01
4.009167440887443923e-01
3.072137922914066621e-01
2.104911341278406511e-01
1.117146941885304029e-01
1.187092271022024970e-02
-8.804306075789720964e-02
-1.870294302917825668e-01
-2.840996235874601594e-01
-3.782842193964909838e-01
-4.686426237098360037e-01
-5.542724679090036410e-01
-6.343186249812954314e-01
-7.079817537120225435e-01
-7.745262854830727850e-01
-8.332877738762926034e-01
-8.836795336469109863e-01
-9.251985027326008471e-01
-9.574302687268675394e-01
-9.800532095939846755e-01
-9.928417072527692122e-01
-9.956684019201558211e-01
-9.885054646899165132e-01
-9.714248756313405009e-01
-9.445977046292147739e-01
-9.082924021507107204e-01
-8.628721170172830579e-01
-8.087910679814974690e-01
-7.465900053628465871e-01
-6.768908080883304645e-01
-6.003902701224334004e-01
-5.178531383704289004e-01
-4.301044716179530103e-01
-3.380213968538857139e-01
-2.425243453445274644e-01
-1.445678560254079759e-01
-4.513103810017513734e-02
5.479221185891115786e-02
1.542031405612722395e-01
2.521081171754532280e-01
3.475285613249637917e-01
4.395107207052962317e-01
5.271352006274322433e-01
6.095261502716892155e-01
6.858600138660201351e-01
7.553737593497860114e-01
8.173725023049441818e-01
8.712364489788658739e-01
9.164270890263297442e-01
9.524925760949400910e-01
9.790722424928750556e-01
9.959002028299129838e-01
1.002808010625351187e+00
9.997263413388460807e-01
9.866856850079093189e-01
9.638160415714310814e-01
9.313456219234669264e-01
8.895985676759077254e-01
8.389917124134463888e-01
7.800304168012588413e-01
7.133035191596590607e-01
6.394774519579062844e-01
5.592895830131802137e-01
4.735408479273405247e-01
3.830877473756179041e-01
2.888337892077599278e-01
1.917204608693000301e-01
9.271782234349262852e-02
-7.185186393767564218e-03
-1.069906265614790214e-01
-2.057015316738574906e-01
-3.023318689255503067e-01
-3.959163913309087790e-01
-4.855202821778996092e-01
-5.702484954326003663e-01
-6.492546987679432835e-01
-7.217497298609593104e-01
-7.870094814660220095e-01
-8.443821364789705353e-01
-8.932946807018510293e-01
-9.332586282348034334e-01
-9.638749022889071538e-01
-9.848378226525237311e-01
-9.959381599696611742e-01
-9.970652263130691528e-01
-9.882079811637136668e-01
-9.694551417460715026e-01
-9.409942966167992306e-01
-9.031100313635305188e-01
-8.561810851411738588e-01
-8.006765664566833918e-01
-7.371512660129271310e-01
-6.662401134441449102e-01
-5.886518333295337468e-01
-5.051618638718862186e-01
-4.166046089955738885e-01
-3.238651012783340111e-01
-2.278701590180554071e-01
-1.295791257903298743e-01
-2.997428502392051122e-02
6.994895463136073521e-02
1.691920050798358111e-01
2.667630763233397873e-01
3.616870860803733101e-01
4.530154024675292490e-01
5.398353223974331483e-01
6.212791909882122710e-01
6.965330708663963755e-01
7.648448747423493010e-01
8.255318800003449420e-01
8.779875502198933868e-01
9.216875954699645934e-01
9.561952108236653203e-01
9.811654407517976795e-01
9.963486257878299002e-01
1.001592897026218898e+00
9.968456935299638833e-01
9.821542874859252592e-01
9.576653118607336701e-01
9.236232952767766680e-01
8.803682187473214071e-01
8.283321186830809868e-01
7.680347701117631320e-01
7.000784932426179497e-01
6.251421352668545817e-01
5.439742875259780952e-01
4.573858058197978194e-01
3.662417085885759649e-01
2.714525339203023857e-01
1.739652417406540585e-01
7.475375208826057216e-02
-2.519078598641890168e-02
-1.248698976688122630e-01
-2.232877588242144218e-01
-3.194611459571245482e-01
-4.124292602688829912e-01
-5.012633276550214623e-01
-5.850758787224493718e-01
-6.630296161032965818e-01
-7.343457804665169952e-01
-7.983119316365263618e-01
-8.542890670726488445e-01
-9.017180065839470737e-01
-9.401249794852718500e-01
-9.691263583697496964e-01
-9.884324921992339030e-01
-9.978506004138437691e-01
-9.972866991436060147e-01
-9.867465402760804416e-01
-9.663355539971617558e-01
-9.362577953791466623e-01
-8.968139055414464655e-01
-8.483981077552782413e-01
-7.914942685063915961e-01
-7.266710628722278242e-01
-6.545762925196126902e-01
-5.759304130956349743e-01
-4.915193356837511685e-01
-4.021865742508609065e-01
-3.088248175451359101e-01
-2.123670096556971865e-01
-1.137770283541387067e-01
-1.404005435667661852e-02
8.584727226557703483e-02
1.848868101747383474e-01
2.820888898543962298e-01
3.764822020503190703e-01
4.671235027617255398e-01
5.531070378137163956e-01
6.335735928440525688e-01
7.077190782794715584e-01
7.748025635234435660e-01
8.341536800805023910e-01
8.851793196473333181e-01
9.273695602457890930e-01
9.603027611856418400e-01
9.836497759499998050e-01
9.971772409096465450e-01
1.000749907006459827e+00
9.943319911085998219e-01
9.779875335350995957e-01
9.518797581776405892e-01
9.162694416129100183e-01
8.715123075009089115e-01
8.180554723034105802e-01
7.564329778358782619e-01
6.872604552900865027e-01
6.112289740426490869e-01
5.290981367103635424e-01
4.416884894439998543e-01
3.498733232946257821e-01
2.545699485704129295e-01
1.567305293675196887e-01
5.733256985372105208e-02
-4.263085263770852174e-02
-1.421610101158226336e-01
-2.402635028992585464e-01
-3.359581953365219920e-01
-4.282890090045193832e-01
-5.163334755353506944e-01
-5.992119536223311504e-01
-6.760964181121137395e-01
-7.462187333653140797e-01
-8.088783282206711833e-01
-8.634491958773691245e-01
-9.093861487547403311e-01
-9.462302658329919680e-01
-9.736134780469617445e-01
-9.912622459170252753e-01
-9.990002926716394782e-01
-9.967503655529448281e-01
-9.845350077071177708e-01
-9.624763329469618878e-01
-9.307948056372690182e-01
-8.898070378938818248e-01
-8.399226261061706333e-01
-7.816400583913486466e-01
-7.155417338718867981e-01
-6.422881435419612872e-01
-5.626112708655441885e-01
-4.773072780453973540e-01
-3.872285510392826091e-01
-2.932751828068120292e-01
-1.963859798838382131e-01
-9.752908214333835812e-02
2.307710532635216458e-03
1.021268080173655668e-01
2.009307975249672307e-01
2.977324094237935315e-01
3.915643817030630691e-01
4.814891245298635325e-01
5.666080883316209071e-01
6.460707418013688086e-01
7.190830701202473030e-01
7.849155084861622056e-01
8.429102316791122762e-01
8.924877268283927245e-01
9.331525837088167075e-01
9.644984447110391823e-01
9.862120650277325096e-01
9.980764424873871388e-01
9.999729857636180386e-01
9.918826992958421629e-01
9.738863730820580544e-01
9.461637754473322115e-01
9.089918568536378141e-01
8.627419826979046968e-01
8.078762227473238466e-01
7.449427342866339341e-01
6.745702851073467343e-01
5.974619710636049907e-01
5.143881909665150021e-01
4.261789490097135924e-01
3.337155616377142642e-01
2.379218517191150351e-01
1.397549180099008359e-01
4.019557213492241238e-02
-5.976146136159914829e-02
-1.591174839788156714e-01
-2.568798019285590817e-01
-3.520716448072946370e-01
-4.437419251670493003e-01
-5.309747414705582313e-01
-6.128985294803941386e-01
-6.886947706445337714e-01
-7.576061704667572672e-01
-8.189442251466525491e-01
-8.720961008855749874e-01
-9.165307571229477368e-01
-9.518042525215940630e-01
-9.775641806862876981e-01
-9.935531912954727041e-01
-9.996115614640234126e-01
-9.956787916449209019e-01
-9.817942101241001751e-01
-9.580965800685554701e-01
-9.248227130539372620e-01
-8.823051029248364374e-01
-8.309686036294571254e-01
-7.713261842225641596e-01
-7.039738034514820830e-01
-6.295844551363749542e-01
-5.489014438415880104e-01
-4.627309580252610965e-01
-3.719340148737123042e-01
-2.774178573054411623e-01
-1.801268891026805985e-01
-8.103323874397862225e-02
1.887295377924464584e-02
1.185934301113933942e-01
2.171317877972218924e-01
3.135034360030573009e-01
4.067454332200900469e-01
4.959261086547999131e-01
5.801543711728881503e-01
6.585886127845052007e-01
7.304451177104684945e-01
7.950058930085497355e-01
8.516258425189432435e-01
8.997392124492928911e-01
9.388652441969098650e-01
9.686129779272932838e-01
9.886851589129895812e-01
9.988812076020463504e-01
9.990992237401146170e-01
9.893370045216235420e-01
9.696920665970435449e-01
9.403606717163215389e-01
9.016358657439720314e-01
8.539045506392605178e-01
7.976436186574130671e-01
7.334151873974710245e-01
6.618609833067637949e-01
5.836959297601290730e-01
4.997010037795419080e-01
4.107154327677208783e-01
3.176283092230370309e-01
2.213697072190068671e-01
1.229013894094656556e-01
2.320719741180247639e-02
-7.671677841528135033e-02
-1.758721515795764467e-01
-2.732682150052143100e-01
-3.679318398523082623e-01
-4.589171987007860110e-01
-5.453152159472389737e-01
-6.262626509899446026e-01
-7.009507234455500946e-01
-7.686331942172506260e-01
-8.286338216711857108e-01
-8.803531184211563776e-01
-9.232743412103922021e-01
-9.569686540412137843e-01
-9.810994129644268202e-01
-9.954255297162613036e-01
-9.998038805944127194e-01
-9.941907365045952183e-01
-9.786421998889780483e-01
-9.533136441709176845e-01
-9.184581613168113501e-01
-8.744240330265983241e-01
-8.216512508198349218e-01
-7.606671197875872759e-01
-6.920809899359869899e-01
-6.165781677640040925e-01
-5.349130689091744495e-01
-4.479016802774933859e-01
-3.564134069736330512e-01
-2.613623854941724001e-01
-1.636983499793961960e-01
-6.439714278538828662e-02
3.554903580875615893e-02
1.351415413365562868e-01
2.333852632679751793e-01
3.292985678234807145e-01
4.219231061326765286e-01
5.103333897380393225e-01
5.936460377681482825e-01
6.710286033858582355e-01
7.417078913205672475e-01
8.049776833782633645e-01
8.602057947389353254e-01
9.068403905368892515e-01
9.444154996109167532e-01
9.725556703327812302e-01
9.909797219943815572e-01
9.995035542711293575e-01
9.980419866901906190e-01
9.866096097243034491e-01
9.653206390072905929e-01
9.343877741279230653e-01
8.941200734046444998e-01
8.449198658757532954e-01
7.872787313594181713e-01
7.217725887493404713e-01
6.490559416223787847e-01
5.698553386538821597e-01
4.849621141823129977e-01
3.952244814569663145e-01
3.015390575703005838e-01
2.048419047552659800e-01
1.060991775596469705e-01
6.297469348083589713e-03
-9.356604541379238971e-02
-1.924935745982163660e-01
-2.894966780254027428e-01
-3.836061436322841245e-01
-4.738816715201105700e-01
-5.594212691212572253e-01
-6.393702636119551475e-01
-7.129298415215885587e-01
-7.793650302139675246e-01
-8.380120414919560723e-01
-8.882849039507222377e-01
-9.296813178113891851e-01
-9.617876737353352468e-01
-9.842831854730230701e-01
-9.969430950551274595e-01
-9.996409185008462428e-01
-9.923497096050001298e-01
-9.751423291765595192e-01
-9.481907170384691330e-01
-9.117641740627056013e-01
-8.662266714059333461e-01
-8.120332138308976599e-01
-7.497252934502016686e-01
-6.799254793169584588e-01
-6.033311969215163773e-01
-5.207077597474168984e-01
-4.328807225128405989e-01
-3.407276325017142282e-01
-2.451692614020977157e-01
-1.471604052607270452e-01
-4.768034447741159587e-02
5.227694084028084581e-02
1.517127023967581034e-01
2.496334028705155805e-01
3.450606430097834521e-01
4.370409374735969021e-01
5.246552417414457326e-01
6.070281349014418071e-01
6.833365665660086075e-01
7.528180805184824242e-01
8.147784329228084932e-01
8.685985289777805596e-01
9.137406087068338234e-01
9.497536200772912496e-01
9.762777257624172256e-01
9.930478985163131433e-01
9.998965692378590786e-01
9.967553012650552935e-01
9.836554741708357641e-01
9.607279702280449030e-01
9.282018666763608428e-01
8.864021468575330465e-01
8.357464530886198339e-01
7.767409137173062472e-01
7.099750860541095276e-01
6.361160657099952376e-01
5.559018211968286272e-01
4.701338203893873913e-01
3.796690225225749504e-01
2.854113157374222332e-01
1.883024857289893605e-01
8.931280573430373793e-02
-1.056865811759434039e-02
-1.103439292281719608e-01
-2.090160919822439400e-01
-3.055992525998127984e-01
-3.991283898615075598e-01
-4.886689972820849603e-01
-5.733264203909906875e-01
-6.522547958246210920e-01
-7.246655029139785764e-01
-7.898350433223464417e-01
-8.471122700019814156e-01
-8.959248932407878341e-01
-9.357851987924533654e-01
-9.662949209565059316e-01
-9.871492219181083883e-01
-9.981397375872294031e-01
-9.991566595042975507e-01
-9.901898320105304574e-01
-9.713288537204397555e-01
-9.427621822825833497e-01
-9.047752513735568547e-01
-8.577476187395182139e-01
-8.021491737811479172e-01
-7.385354425745964679e-01
-6.675420372389844204e-01
-5.898783051107604480e-01
-5.063202411799962999e-01
