2.000000000000000000e+00
2.803434028328511740e+00
3.201316677817458434e+00
3.342435141994648529e+00
3.373102881831540945e+00
3.363014447648095206e+00
3.338408101379396697e+00
3.308486580710043867e+00
3.276436383493985804e+00
3.243365475521043706e+00
3.209659364851543462e+00
3.175448250465400690e+00
3.140770015414231064e+00
3.105628057895734262e+00
3.070012161301450604e+00
3.033906126552963656e+00
2.997290568761122653e+00
2.960143907070311720e+00
2.922442656345944023e+00
2.884161436235305853e+00
2.845272854461595280e+00
2.805747349170025107e+00
2.765552979990690385e+00
2.724655060718055744e+00
2.683015950342007017e+00
2.640594675684340586e+00
2.597346512274248731e+00
2.553222513262571880e+00
2.508168957864994830e+00
2.462126714363424451e+00
2.415030486914134134e+00
2.366807932270176273e+00
2.317378629128236778e+00
2.266652840582566331e+00
2.214530056123259705e+00
2.160897214981985393e+00
2.105626601635163464e+00
2.048573322644685835e+00
1.989572195887362449e+00
1.928433971953566139e+00
1.864940715669734850e+00
1.798840103671694335e+00
1.729838380488164740e+00
1.657591623239228484e+00
1.581694825046530584e+00
1.501668396902685831e+00
1.416941301334107672e+00
1.326830243808668097e+00
1.230514261512151819e+00
1.127004121065586784e+00
1.015107488512575928e+00
8.933916256330513006e-01
7.601504389354699631e-01
6.133900830509591007e-01
4.508622900884221574e-01
2.701995646359152126e-01
6.924234134511067507e-02
-1.533155171451403564e-01
-3.968460824049409030e-01
-6.573150121058971562e-01
-9.258986039357749442e-01
-1.188792273575678182e+00
-1.429420979344141474e+00
-1.632919220098843827e+00
-1.790548975312882263e+00
-1.901279744271477501e+00
-1.970058171847423267e+00
-2.004641656343452816e+00
-2.012967409882899794e+00
-2.001766115596071760e+00
-1.976173656286434266e+00
-1.939861830816716814e+00
-1.895341168626625938e+00
-1.844263942077123630e+00
-1.787667622658927202e+00
-1.726151285618175990e+00
-1.659995559722442504e+00
-1.589239988900907674e+00
-1.513729593379127270e+00
-1.433138974167350144e+00
-1.346979803257560171e+00
-1.254595337577333325e+00
-1.155144331912969724e+00
-1.047576372418438373e+00
-9.306014197239224073e-01
-8.026590331013857549e-01
-6.618987430625946633e-01
-5.061946133906699563e-01
-3.332375693872227651e-01
-1.407807627512504545e-01
7.284892982666120453e-02
3.078456266828873966e-01
5.615875222722707116e-01
8.271524603790670893e-01
1.092553929354866504e+00
1.341968414441389035e+00
1.559483531010223523e+00
1.733825955282775055e+00
1.861165599516928060e+00
1.944500859042755048e+00
1.990805903765761053e+00
2.008088547271944524e+00
2.003553004137170301e+00
1.982894649157606048e+00
1.950280242567975497e+00
1.908607378890673445e+00
1.859813477005223037e+00
1.805140864493745667e+00
1.745335658604589169e+00
1.680786194026821168e+00
1.611614264173231392e+00
1.537731733291566094e+00
1.458872032521327133e+00
1.374603151852618277e+00
1.284326469062561760e+00
1.187264171951523783e+00
1.082437335464508488e+00
9.686370733488249840e-01
8.443931277645909672e-01
7.079490291430315940e-01
5.572623360585513552e-01
3.900659075122185904e-01
2.040542002734525850e-01
-2.704044506300046224e-03
-2.309976616982310216e-01
-4.792642918397573837e-01
-7.420906347021239968e-01
-1.009088509961207913e+00
-1.265363601624793999e+00
-1.494515623491833978e+00
-1.683349366809134384e+00
-1.825574206114338516e+00
-1.922263035293191757e+00
-1.979474608887045850e+00
-2.005145947687925645e+00
-2.006857604710814869e+00
-1.990808672384512867e+00
-1.961630343590506476e+00
-1.922589577230303659e+00
-1.875897354796413063e+00
-1.822992318066009254e+00
-1.764760771703599129e+00
-1.701692981680420269e+00
-1.633987945870370995e+00
-1.561619792647514160e+00
-1.484376446439387820e+00
-1.401877921517858283e+00
-1.313579293422812988e+00
-1.218761507876499950e+00
-1.116512198923905519e+00
-1.005698702418808432e+00
-8.849367774745019455e-01
-7.525622456062244225e-01
-6.066204416522575915e-01
-4.449028032379076514e-01
-2.650845381390931621e-01
-6.505237246444103838e-02
1.564535732929090150e-01
3.987707974579072223e-01
6.578645634806775666e-01
9.249733043159010792e-01
1.186430121646977698e+00
1.425840716656553209e+00
1.628484878635477751e+00
1.785664562855780124e+00
1.896281184426854782e+00
1.965160771211044155e+00
1.999946394887023082e+00
2.008495450765503509e+00
1.997494175835002217e+00
1.972058989937522933e+00
1.935856458398557356e+00
1.891398559389592560e+00
1.840341341660298280e+00
1.783726182881643973e+00
1.722155189728869384e+00
1.655910781685598465e+00
1.585032918405272717e+00
1.509365641314616813e+00
1.428581124926063151e+00
1.342187108830409592e+00
1.249521279150948461e+00
1.149735042802069840e+00
1.041768723937650298e+00
9.243211025083223342e-01
7.958189807884807898e-01
6.543987011492217176e-01
4.979233707875393433e-01
3.240807572018964966e-01
1.306388562950685783e-01
-8.402612928286212757e-02
-3.200029722106654262e-01
-5.744911547085747028e-01
-8.403270812941249224e-01
-1.105288783284179788e+00
-1.353447605105835727e+00
-1.569017701063736503e+00
-1.741055395437023146e+00
-1.866106770772241630e+00
-1.947438272921743430e+00
-1.992133716110050745e+00
-2.008191151082255654e+00
-2.002747848459870639e+00
-1.981420001377950380e+00
-1.948304517262596347e+00
-1.906244635198056869e+00
-1.857137971381238373e+00
-1.802198425120229652e+00
-1.742151800040157017e+00
-1.677371571245510173e+00
-1.607968124940354349e+00
-1.533843969746737201e+00
-1.454724159227723357e+00
-1.370168510967968434e+00
-1.279569813394831668e+00
-1.182140738512259315e+00
-1.076891507112236246e+00
-9.626007890307851644e-01
-8.377843471999980585e-01
-7.006709277575144945e-01
-5.492045326846161091e-01
-3.811102092506420957e-01
-1.940890417365357667e-01
1.375433816070777832e-02
2.431223888841564373e-01
4.922943992479383857e-01
7.556243270810285573e-01
1.022465349736977780e+00
1.277753037658544200e+00
1.505131802521475715e+00
1.691689054634233136e+00
1.831526427388147527e+00
1.926041980148665234e+00
1.981461228591686830e+00
2.005746112598980169e+00
2.006422698793748793e+00
1.989610199240752220e+00
1.959864056493097584e+00
1.920390211242058998e+00
1.873354180524566814e+00
1.820161912522824332e+00
1.761676389989376368e+00
1.698370979912834589e+00
1.630431966906014107e+00
1.557823315447640633e+00
1.480324149216019292e+00
1.397546167162974085e+00
1.308935933726673051e+00
1.213765134290146541e+00
1.111110940955612136e+00
9.998287032943184993e-01
8.785206013576111195e-01
7.455077407974177728e-01
5.988211268718274249e-01
4.362418240328647112e-01
2.554457834351511747e-01
5.434431900225496909e-02
-1.682545808536942411e-01
-4.115544888671672230e-01
-6.713091283673965348e-01
-9.384967331854432437e-01
-1.199236833848116524e+00
-1.437102004101049602e+00
-1.637586868917366933e+00
-1.792371276371233169e+00
-1.900719035011973368e+00
-1.967675776091856621e+00
-2.000948510476011855e+00
-2.008358426289750032e+00
-1.996515542451336778e+00
-1.970457325415421623e+00
-1.933784215394259043e+00
-1.888957975498209096e+00
-1.837598259273682588e+00
-1.780720481013611911e+00
-1.718908072905578566e+00
-1.652429607830931957e+00
-1.581314212651276696e+00
-1.505396795058517423e+00
-1.424341137598696960e+00
-1.337646591826419762e+00
-1.244641872268424265e+00
-1.144468343469027261e+00
-1.036054848080746549e+00
-9.180870717934311864e-01
-7.889773612190176255e-01
-6.468473410693196257e-01
-4.895479249302714941e-01
-3.147630327672857331e-01
-1.202759175997029778e-01
9.548550805618616355e-02
3.324992328796061436e-01
5.877772480342045025e-01
8.539041806813530977e-01
1.118415594658375367e+00
1.365279570616895199e+00
1.578848166510260498e+00
1.748521728289966992e+00
1.871232390813484248e+00
1.950517993179589737e+00
1.993571294369975488e+00
2.008378616384097981e+00
2.002008412277367810e+00
1.979996247590202652e+00
1.946368098076030728e+00
1.903912038815488650e+00
1.854485268190288361e+00
1.799272785919519668e+00
1.738979716261549013e+00
1.673964385405798616e+00
1.604325548433120252e+00
1.529956166372248294e+00
1.450572752493090478e+00
1.365726804670919448e+00
1.274802380813750524e+00
1.177002496323616532e+00
1.071326375749483306e+00
9.565401058576785687e-01
8.311453558562378330e-01
6.933560386703148115e-01
5.411027114108750702e-01
3.721030474254340414e-01
1.840657953740197916e-01
-2.486652509785945014e-02
-2.553067738328143599e-01
-5.053717711874391449e-01
-7.691794704294219187e-01
-1.035825370083924835e+00
-1.290082872347273923e+00
-1.515653814450726555e+00
-1.699918071511890005e+00
-1.837370429379806325e+00
-1.929727591099403394e+00
-1.983373794897872688e+00
-2.006290393146686668e+00
-2.005946584816831191e+00
-1.988381360154446220e+00
-1.958074967234674668e+00
-1.918173097628737223e+00
-1.870796490830027858e+00
-1.817318925951383557e+00
-1.758580431933711274e+00
-1.695037720751121579e+00
-1.626864515740561457e+00
-1.554014703793048735e+00
-1.476258645470133635e+00
-1.393199724863501965e+00
-1.304275966655488839e+00
-1.208749742098547797e+00
-1.105687688420169845e+00
-9.939330853367820406e-01
-8.720744571755536523e-01
-7.384181631872978047e-01
-5.909809692729899311e-01
-4.275339187145299480e-01
-2.457545513698699002e-01
-4.358044203654844878e-02
1.801097439086999652e-01
4.243817942264134224e-01
6.847742302314818730e-01
9.520045686431503063e-01
1.211984719365131413e+00
1.448266174080752977e+00
1.646570019974970434e+00
1.798957662607123309e+00
1.905050198923996740e+00
1.970104410734327960e+00
2.001884586181921666e+00
2.008172378530591384e+00
1.995500768176004636e+00
1.968828685544648183e+00
1.931691244771727378e+00
1.886500765005604707e+00
1.834841115968800063e+00
1.777702186214842994e+00
1.715649033118692435e+00
1.648936572901404274e+00
1.577583213951514907e+00
1.501414788081766538e+00
1.420086702358758890e+00
1.333089903654041564e+00
1.239744091538878434e+00
1.139180522822223596e+00
1.030316478559136106e+00
9.118244703706263055e-01
7.821023393536048474e-01
6.392570344303090124e-01
4.811275249913467000e-01
3.053945436138431613e-01
1.098579711207052639e-01
-1.070001406524679899e-01
-3.450434090178510216e-01
-6.010923755778334598e-01
-8.674779828412670923e-01
-1.131497007308004843e+00
-1.377024824743425357e+00
-1.588564107114604607e+00
-1.755865900386574419e+00
-1.876245641402586539e+00
-1.953504468127197358e+00
-1.994936511645639676e+00
-2.008512002238550309e+00
-2.001229106608231945e+00
-1.978542906660830436e+00
-1.944409189211651290e+00
-1.901561669974750179e+00
-1.851817796837846863e+00
-1.796334162598705264e+00
-1.735795551265288506e+00
-1.670545360172592808e+00
-1.600670851622601143e+00
-1.526055511738826143e+00
-1.446407342325940260e+00
-1.361269514865069752e+00
-1.270017321298534396e+00
-1.171844061460017183e+00
-1.065737887425440844e+00
-9.504522201731662179e-01
-8.244745717040412591e-01
-6.860040248797799611e-01
-5.329578592929993253e-01
-3.630468755930043590e-01
-1.739885944108409965e-01
3.603451266691097554e-02
2.675424609674729726e-01
5.184855866209578945e-01
7.827429147161129031e-01
1.049153834132769525e+00
1.302338154326720732e+00
1.526068034728468970e+00
1.708025152656818868e+00
1.843097526649923878e+00
1.933313404930130375e+00
1.985207529898647349e+00
2.006775220472843291e+00
2.005426553051870009e+00
1.987120062123935993e+00
1.956261434574536162e+00
1.915936930980615349e+00
1.868223233445189591e+00
1.814462499213921109e+00
1.755472186245913502e+00
1.691692607354393640e+00
1.623285084127820577e+00
1.550193517973001311e+00
1.472179547962531254e+00
1.388838246721272540e+00
1.299599072346550255e+00
1.203715029869018016e+00
1.100242149833008387e+00
9.880115601662122771e-01
8.655980554048042785e-01
7.312932231514188697e-01
5.830996906477239339e-01
4.187788517066526883e-01
2.360107153821288939e-01
3.276084035331599392e-02
-1.920185592886023140e-01
-4.372515966253937014e-01
-6.982580092833299279e-01
-9.654943464264121866e-01
-1.224671225713715783e+00
-1.459331285466516359e+00
-1.655433446669206887e+00
-1.805423830885211078e+00
-1.909275381150940865e+00
-1.972447563778788604e+00
-2.002755438416837119e+00
-2.007937952709800911e+00
-1.994450319200373967e+00
-1.967173388061400852e+00
-1.929577752286509851e+00
-1.884027053236672744e+00
-1.832069979546609995e+00
-1.774671326347415423e+00
-1.712378068196155123e+00
-1.645431651104563242e+00
-1.573839876135192828e+00
-1.497419555161173310e+00
-1.415817734395953709e+00
-1.328516938067845210e+00
-1.234827806168317110e+00
-1.133871421640988419e+00
-1.024553423329659818e+00
-9.055330698434143066e-01
-7.751936495463142007e-01
-6.316274847491102351e-01
-4.726618650002361588e-01
-2.959750242357327421e-01
-9.938488664858974309e-02
1.185698660339577076e-01
3.576348437028380456e-01
6.144352102616366107e-01
8.810465155456335129e-01
1.144530785176571586e+00
1.388681527743546029e+00
1.598164626342109873e+00
1.763088037001125041e+00
1.881147334069053434e+00
1.956398759807688181e+00
1.996230375164822046e+00
2.008592126924462651e+00
2.000410539242308161e+00
1.977060405975024748e+00
1.942428079228802673e+00
1.899193716168523061e+00
1.849135672785139572e+00
1.793382619244499043e+00
1.732599331338926740e+00
1.667114492221871247e+00
1.597004007478083576e+00
1.522141957174743432e+00
1.442227858878619040e+00
1.356796549299224441e+00
1.265214517766631852e+00
1.166665288455358773e+00
1.060125864160985421e+00
9.443369173686151363e-01
8.177717416015772844e-01
6.786145981046478592e-01
5.247696688589258418e-01
3.539414053529224002e-01
1.638572484110081273e-01
-4.725825761112731338e-02
-2.798289798366491166e-01
-5.316347495258898492e-01
-7.963128781734972739e-01
-1.062448535806799210e+00
-1.314516853780365535e+00
-1.536373245364008655e+00
-1.716010131454583254e+00
-1.848708370003448342e+00
-1.936800451562327829e+00
-1.986963484717022999e+00
-2.007201482499371803e+00
-2.004863278690010464e+00
-1.985826787404890048e+00
-1.954423788193093703e+00
-1.913681928455906345e+00
-1.865634545016177981e+00
-1.811592711895651409e+00
-1.752351690044829491e+00
-1.688335645760131953e+00
-1.619693652642764103e+00
-1.546359716358822523e+00
-1.468086793856170802e+00
-1.384461648033064707e+00
-1.294905142078080384e+00
-1.198660861699336833e+00
-1.094774158038301470e+00
-9.820639252735450242e-01
-8.590911552553841535e-01
-7.241326427921496167e-01
-5.751769867326944619e-01
-4.099763221133727042e-01
-2.262140423458153249e-01
-2.188546449817926204e-02
2.039807150317559103e-01
4.501630150426067511e-01
7.117588909142332776e-01
9.789639434041760291e-01
1.237294192672492299e+00
1.470295813289240971e+00
1.664176655751840928e+00
1.811770218425839296e+00
1.913395538118290551e+00
1.974706307983240094e+00
2.003562017105592119e+00
2.007655891452276631e+00
1.993364734989131026e+00
1.965491806383182105e+00
1.927443986847539925e+00
1.881536999435297508e+00
1.829284945281681063e+00
1.771627950927538553e+00
1.709095193408449953e+00
1.641914830774187317e+00
1.570084164413283689e+00
1.493411040182375249e+00
1.411534156062477230e+00
1.323927594248755835e+00
1.229892889253579202e+00
1.128540883150330298e+00
1.018765491427961800e+00
8.992126416808159384e-01
7.682510250125510476e-01
6.239583939036920102e-01
4.641506383083508491e-01
2.865042102887622177e-01
8.885654005642298903e-02
-1.301945090223973200e-01
-3.702728566750189132e-01
-6.278043977954340660e-01
-8.946077907817221453e-01
-1.157514706676999294e+00
-1.400247888939301077e+00
-1.607648892275483243e+00
-1.770188317845943438e+00
-1.885938310131078044e+00
-1.959201938865356762e+00
-1.997453888873737649e+00
-2.008619801407253380e+00
-1.999553310726041033e+00
-1.975549166881477303e+00
-1.940425052254148408e+00
-1.896808361800209619e+00
-1.846439009415663524e+00
-1.790418218552674245e+00
-1.729391081050152268e+00
-1.663671777958393605e+00
-1.593324988222380334e+00
-1.518215453249061042e+00
-1.438034231452732570e+00
-1.352307814736868563e+00
-1.260393851954427769e+00
-1.161466030419959772e+00
-1.054490126303748498e+00
-9.381939811666639706e-01
-8.110366107786406431e-01
-6.711874690277479516e-01
-5.165378322424825086e-01
-3.447863508332493776e-01
-1.536715753405568929e-01
5.853770018639965766e-02
2.921658327138689226e-01
5.448181284718108808e-01
8.098875478426907915e-01
1.075707261862269615e+00
1.326616970076208935e+00
1.546568279629051856e+00
1.723872891734491208e+00
1.854203641001906266e+00
1.940189770148089687e+00
1.988642705366071572e+00
2.007570056897923561e+00
2.004257426697117150e+00
1.984502009594504957e+00
1.952562351216620806e+00
1.911408302480491983e+00
1.863030558834641415e+00
1.808709640267939012e+00
1.749218979160960030e+00
1.684966840582385661e+00
1.616090200665145415e+00
1.542513256269459454e+00
1.463980319240127281e+00
1.380069842915004008e+00
1.290194065837335202e+00
1.193587100208667540e+00
1.089283544175939422e+00
9.760899762498546073e-01
8.525535139652233863e-01
7.169361424874786115e-01
5.672125525022750914e-01
4.011260304910740371e-01
2.163643050703562554e-01
1.095427854843303815e-02
-2.159958751613585970e-01
-4.631151345572872002e-01
-7.252752658195043001e-01
-9.924112191901423019e-01
-1.249851474887364589e+00
-1.481158279733892691e+00
-1.672799207781836106e+00
-1.817997299620174978e+00
-1.917411640646474069e+00
-1.976881714086477837e+00
-2.004305262743990568e+00
-2.007326926663365096e+00
-1.992244545646055798e+00
-1.963784306665504520e+00
-1.925290192064096351e+00
-1.879030759061384614e+00
-1.826486105898194490e+00
-1.768572107546787286e+00
-1.705800422523821691e+00
-1.638386099040008759e+00
-1.566316042908554973e+00
-1.489389185957373352e+00
-1.407235888582346162e+00
-1.319321770133759175e+00
-1.224939212470004257e+00
-1.123188748944089932e+00
-1.012952490236665559e+00
-8.928629553828191234e-01
-7.612741970940249958e-01
-6.162494625485387401e-01
-4.555935390580738154e-01
-2.769818416702584107e-01
-7.827281829209599417e-02
1.418738739496653578e-01
3.829567364067926194e-01
6.411985480644981639e-01
9.081597956190349263e-01
1.170446555119697640e+00
1.411722157125479216e+00
1.617016127572808104e+00
1.777166966642508283e+00
1.890619432069527317e+00
1.961915078049348615e+00
1.998608048824830341e+00
2.008595825505731458e+00
1.998658011667741041e+00
1.974009602783738826e+00
1.938400386537575182e+00
1.894405787095046589e+00
1.843727917158526575e+00
1.787441021130900198e+00
1.726170823744120009e+00
1.660217212601768466e+00
1.589633764948076511e+00
1.514275949454134240e+00
1.433826388238869987e+00
1.347803216739588139e+00
1.255555204240503597e+00
1.156246138898968878e+00
1.048830492420726124e+00
9.320231934665451634e-01
8.042689226212806908e-01
6.637223469059555514e-01
5.082620414347691629e-01
3.355814289522461857e-01
1.434314011256303256e-01
-6.987276347746099181e-02
-3.045524938607720444e-01
-5.580345568412612423e-01
-8.234650814115980211e-01
-1.088927793284513168e+00
-1.338636532313923544e+00
-1.556652023351255743e+00
-1.731613366762996709e+00
-1.859584049635854441e+00
-1.943482406841492427e+00
-1.990246232085605138e+00
-2.007881810884060592e+00
-2.003609651659392199e+00
-1.983146193658969159e+00
-1.950677440276558317e+00
-1.909116260781444696e+00
-1.860411404872043262e+00
-1.805813358370130794e+00
-1.746074087666310559e+00
-1.681586195003341722e+00
-1.612474706370529809e+00
-1.538654093940209355e+00
-1.459860059119242548e+00
-1.375662744321863640e+00
-1.285465732306495079e+00
-1.188493606522647683e+00
-1.083770137795034394e+00
-9.700895067744302880e-01
-8.459848867986239362e-01
-7.097034409128301080e-01
-5.592060822419089305e-01
-3.922276795658627968e-01
-2.064612826438142756e-01
3.273941503209587545e-05
2.280636792126820578e-01
4.761070070086069750e-01
7.388054929149052708e-01
1.005834017821983339e+00
1.262340946381101725e+00
1.491917253061530557e+00
1.681300716356500802e+00
1.824105585147842712e+00
1.921324673929229121e+00
1.978974850222746662e+00
2.004986106194656337e+00
2.006951779532385682e+00
1.991090271981138971e+00
1.962051247915761465e+00
1.923116606318440391e+00
1.876508483853658538e+00
1.823673551507090540e+00
1.765503841910464056e+00
1.702493767822765847e+00
1.634845441580963010e+00
1.562535474642353650e+00
1.485353934223242245e+00
1.402922852046139868e+00
1.314699362407983463e+00
1.219966646060860471e+00
1.117814858973215308e+00
1.007114225368771265e+00
8.864837784767825024e-01
7.542628952699922396e-01
6.085003901606839127e-01
4.469902617917531074e-01
2.674076627606035150e-01
6.763361976876239301e-02
-1.536077441870442040e-01
-3.956857409257593661e-01
-6.546162377528856879e-01
-9.217004935516982522e-01
-1.183324119416212961e+00
-1.423102621931191969e+00
-1.626265609265457490e+00
-1.784024249917221416e+00
-1.895191582469887503e+00
-1.964539251510454498e+00
-1.999693842864435744e+00
-2.008520988224337334e+00
-1.997725222777780418e+00
-1.972442119260882532e+00
-1.936354354528735389e+00
-1.891986167984255784e+00
-1.841002503550546621e+00
-1.784451085007467741e+00
-1.722938581261373558e+00
-1.656750789750330632e+00
-1.585930307623692581e+00
-1.510323394237672368e+00
-1.429604256322741795e+00
-1.343282659659396083e+00
-1.250698453635559870e+00
-1.151005463943491902e+00
-1.043146779286078019e+00
-9.258243340367787733e-01
-7.974684183945877081e-01
-6.562189392752550976e-01
-4.999419883793555508e-01
-3.263263596491273733e-01
-1.331365604179804152e-01
8.126335305701633260e-02
3.169884100600987020e-01
5.712828344588037899e-01
8.370436075046083779e-01
1.102107906730293907e+00
1.350573601002432511e+00
1.566623415589389445e+00
1.739231538967734192e+00
1.864850333357529477e+00
1.946679414106447847e+00
1.991775099024767792e+00
2.008137600798473699e+00
2.002920597758579557e+00
1.981759796056103751e+00
1.948769365588848057e+00
1.906806006453660718e+00
1.857777209784779116e+00
1.802903938273666240e+00
1.742917047911050954e+00
1.678193710778887127e+00
1.608847146733133782e+00
1.534782184515207870e+00
1.455725947411841137e+00
1.371240264041202028e+00
1.280720028853679082e+00
1.183380240262363658e+00
1.078233766770043234e+00
9.640623086045237988e-01
8.393850270457599017e-01
7.024342550637713289e-01
5.511572696229047885e-01
3.832809739136460725e-01
1.965047607331736057e-01
-1.107559670538246777e-02
-2.401837424843295543e-01
-4.891376512064391502e-01
-7.523478971618946520e-01
-1.019230169252300255e+00
-1.274760501647375088e+00
-1.502571350704190900e+00
-1.689680847776499961e+00
-1.830095621183079890e+00
-1.925135635159601621e+00
-1.980986781452176437e+00
-2.005605468524982893e+00
-2.006531160518910450e+00
-1.989902425631161487e+00
-1.960292982075967139e+00
-1.920923462823080907e+00
-1.873970321898304814e+00
-1.820847369661767301e+00
-1.762423197877434511e+00
-1.699175240089884742e+00
-1.631292842774169527e+00
-1.558742421538367395e+00
-1.481305225641605938e+00
-1.398594965406187329e+00
-1.310060266497176107e+00
-1.214975058889980142e+00
-1.112419051534285552e+00
-1.001250500412034450e+00
-8.800748765255972383e-01
-7.472168472334801415e-01
-6.007108752021728115e-01
-4.383405019066536346e-01
-2.577814226694292166e-01
-5.693885425591996979e-02
1.653958818099369454e-01
4.084590966676890367e-01
6.680560069290032432e-01
9.352278254772139476e-01
1.196145198004395116e+00
1.434387612773325493e+00
1.635396668489816907e+00
1.790760476031604043e+00
1.899655664412124301e+00
1.967075534091772493e+00
2.000712250348203547e+00
2.008396067758917436e+00
1.996755514980838253e+00
1.970847114152484814e+00
1.934287222913902760e+00
1.889549676524576505e+00
1.838262873297694666e+00
1.781448465617408550e+00
1.719694373862184822e+00
1.653272501737690581e+00
1.582214585099433135e+00
1.506357734976842888e+00
1.425367761681183509e+00
1.338746046631392073e+00
1.245823477772474819e+00
1.145743854049055654e+00
1.037438801868994398e+00
9.195971806970559825e-01
7.906348374519678313e-01
6.486769522718697223e-01
4.915773650693978647e-01
3.170208667646848832e-01
1.227868969744935757e-01
-9.270935654648079782e-02
-3.294729989777410717e-01
-5.845617240388724101e-01
-8.506212253071093743e-01
-1.115245375650066650e+00
-1.362426269637887710e+00
-1.576481448780545414e+00
-1.746727438627514228e+00
-1.870003255928615937e+00
-1.949781849913109433e+00
-1.993230333846501168e+00
-2.008338272369075472e+00
-2.002190898866231361e+00
-1.980343264823302807e+00
-1.946838430959426436e+00
-1.904477738071278070e+00
-1.855128096782689973e+00
-1.799981449763911723e+00
-1.739747890558664301e+00
-1.674789388242051036e+00
-1.605207497742473066e+00
-1.530897482058242387e+00
-1.451577916946143576e+00
-1.366802312686370646e+00
-1.275956841580791812e+00
-1.178246859532290136e+00
-1.072674257140983967e+00
-9.580081715643382623e-01
-8.327536860216953052e-01
-6.951283002785977327e-01
-5.430658077784495941e-01
-3.742856198969409798e-01
-1.864945318902522520e-01
2.217428560630547302e-02
2.523556543330385815e-01
5.022060502207891242e-01
7.659007696572147639e-01
1.032597490647453320e+00
1.287108057493681956e+00
1.513119240304330537e+00
1.697939320557732001e+00
1.835967987352734587e+00
1.928845532702948784e+00
1.982918569131312925e+00
2.006164260538505495e+00
2.006065769422411549e+00
1.988681509148105819e+00
1.958509853983061655e+00
1.918710989771060360e+00
1.871416417689751199e+00
1.818007645411977791e+00
1.759330217030842247e+00
1.695844848580928765e+00
1.627728285928493390e+00
1.554936844424536169e+00
1.477242999804932122e+00
1.394252146470331244e+00
1.305404376558574553e+00
1.209964318390373439e+00
1.107001163256289278e+00
9.953611170851817125e-01
8.736360132316013383e-01
7.401357793523002382e-01
5.928806157998959270e-01
4.296439557872749893e-01
2.481028755783797890e-01
4.618844360214471867e-02
-1.772380265950710410e-01
-4.212759969833935192e-01
-6.815163598372858678e-01
-9.487397108668474965e-01
-1.208907600100961099e+00
-1.445575502717571403e+00
-1.644408690915691418e+00
-1.797375994469736504e+00
-1.904012598477805795e+00
-1.969525000942254467e+00
-2.001664241895747320e+00
